CHR	SNP	BP	NMISS	BETA	P
10	rs11252127	98087	207	-1.606358192153778	0.10973445152484905	0.012430782518754985
10	rs7909677	111955	207	0.9107985076419441	0.36347125108740386	0.004030295483412839
10	rs11591988	126070	207	-0.6689751986078974	0.5042639505269189	0.0021783071381249056
10	rs12768206	134767	207	0.60318569233979	0.5470519242860921	0.001771650704824208
10	rs10904561	135656	207	-1.4705435971206264	0.14294779009866837	0.010438657995500344
10	rs7917054	135708	207	0.60318569233979	0.5470519242860921	0.001771650704824208
10	rs7906287	135853	207	-0.9476132366695987	0.3444420771051445	0.00436124184527154
10	rs9419557	148325	207	1.6489645126429926	0.10068647480820425	0.013090198127523836
10	rs9286070	151997	207	3.1810113789438033	0.0016954942116675902	0.04703834263774246
10	rs11253562	158946	207	-5.143473029226511	6.286745833048878e-07	0.11429988041090534
10	rs4881551	159076	207	2.997479230912697	0.0030585470511798455	0.04198839500577582
10	rs4880750	159404	207	-0.7602420815875559	0.44798335545199774	0.0028114297858659403
10	rs11594819	162102	207	-3.537100736088163	0.0005002519821283642	0.05751928372666441
10	rs7089889	178434	207	3.089346559518219	0.002284147614736576	0.044485324219672696
10	rs12146291	188805	207	0.7125190813452992	0.47695358207036	0.002470386667689762
10	rs12260462	201183	207	3.099190279488144	0.0022129137213873777	0.04475655863664977
10	rs10903451	203471	207	0.9697848622586001	0.33329653626243005	0.004566769324958628
10	rs9419499	218336	207	-1.5200941935045953	0.13002813684964135	0.011146006979813156
10	rs12779173	230625	207	0.7998158295825941	0.4247433271365014	0.0031108066417772366
10	rs2448370	236452	207	2.9278163622132243	0.003799272801133263	0.04013683577408283
10	rs11250790	237750	207	-5.5863374553961025	7.31890156273226e-08	0.13211777894870386
10	rs2448366	244561	207	3.0699213670649157	0.002430963199385441	0.04395216423124503
10	rs2379078	252693	207	0.19549480047023696	0.8451992398388205	0.00018639557709406097
10	rs2379080	255222	207	0.9476178338310187	0.34443974158255863	0.004361283976258254
10	rs2496277	261795	207	-1.2116999833836615	0.22702205473677797	0.007111103452792142
10	rs2448378	273344	207	2.879327068854293	0.004408156970061323	0.03886963283505821
10	rs2496278	279248	207	2.7675746755190325	0.006164479091084994	0.036017533569216977
10	rs7901346	286188	207	0.5499584151987015	0.5829465787784583	0.0014732130677167575
10	rs10508201	291134	207	-5.244402767488949	3.893213274061735e-07	0.1182938303526345
10	rs3123252	291999	207	-1.5590392286691135	0.12052952981834254	0.01171766980217572
10	rs1017361	294953	207	-0.9976717340138078	0.31961472257838114	0.004831899818219601
10	rs3125037	297633	207	1.7967045980756204	0.07385465681405118	0.015502934895479334
10	rs3125033	301938	207	0.7359250094392422	0.46261754800229926	0.0026349199257452837
10	rs2060138	307807	207	-1.6457372210726902	0.10135017671279599	0.013039676468500147
10	rs10508202	308491	207	0.8797340570089399	0.38003348519730484	0.0037610789836090897
10	rs3123247	310225	207	-1.8950552419906546	0.05949233277157806	0.01721661210280166
10	rs4880567	313304	207	1.2978164650686923	0.1958087876384614	0.008149275742138088
10	rs4880568	313504	207	-2.7281734603118006	0.006921445390252315	0.03503496404658138
10	rs2018975	317501	207	0.5567847761928992	0.5782818141009294	0.001509957006366986
10	rs725314	318677	207	1.244581709823169	0.21470653640657741	0.007499352478939942
10	rs10903832	320954	207	-1.8851984317075126	0.06081760811453662	0.017041023355377397
10	rs3740304	323283	207	1.6630974552539248	0.0978209856735099	0.013312546654290436
